164
1
3
17598502692766481347
4535822991440549694
13465372886198087219
8927126624457229945
16906354867097351313
4360973017239642743
17207958803881268567
6808136008241880254
202452909037540722
308176440515078719
1010396640745645530
15343421460441748260
10949490833898086739
9423736011111753813
15772887170100070949
7932049197009065015
5330531270932226502
3567408487741037078
1766585417489125017
7690307973900291518
13732806197245611195
15940543841117024602
9629021440228154747
15761504061787724739
436644070911714980
2550782415468880686
14841144933247289187
11021051990005259850
14005580142077484684
18175944654229359547
16863331665099681687
18128403347675616531
8115989408079088551
4064100525097979258
10785458434237015876
15550014989572999450
5687265126379655559
5443320728392416962
6921350465310915414
3641638941996574875
12988241673355147980
10734494544931532686
1492917242908012323
14034996167923423170
1751054279594359974
17549787927050810130
10228973902806737793
16477386718509795124
9962446782728126728
14219420666037062294
8492410374786341783
8588955319126707472
5480318174131814124
13587525901377797045
8909603749457398950
961099611159396888
10896066166792993605
8768405607711085946
9024546460514234178
3410139845360352669
513317644409189457
7322513540790581552
1342103072777368806
8769293147908451877
323930893899700637
1
11289909027228090364
2678743764864878636
8107185400520437466
10990022404157403891
7888286826527786025
11859441605965464535
8057952241664550456
13395661175557018941
16531512137050723328
8358049359983719811
8917288017575445621
9697740996049325922
10481168179353877617
3923635524124367634
6277174388737701219
11066529866561707336
7603399984321680721
10959536845065412617
8485296489819124469
106632193583602079
2010170219039398633
13644256722699187556
6380075646261542908
12332290216792522103
5227138925752158242
15771640892081847369
16984576475812048929
9145097964828939902
12172803060704135690
15123668014739638973
17383080093197075085
698347891747066042
3911407164645101728
6474445270372349212
10717522285512953050
15207615120837629468
4176031136234160393
1983579078461223593
9052446435928651984
16172704516590771547
14318855935265557058
8271860506682601261
4330396502582049054
7337938175349162455
9734493596360919802
16506727478705028422
9265567144197634481
3247521266340048697
7297727008875127883
9412426681974983009
15682364296151498234
10526245538376979495
13040515343968794265
8287515789969730792
17561920869907939962
17329064164544891575
6508378908980825476
6816467979102163901
10690692720850206422
9554893988872894937
5165994488427389916
2758190335433435182
6369733866715168128
10937542246719845400
16033977628550882054
10139151179236757965
8344697904856633417
15261836958427310612
9153703301114054799
17301248203847525584
15145310620207079959
82237281333034629
13490515319599579428
4740462501778905919
461764762423957844
13477517676612733951
9395473198233826757
409971145171027335
15690131255972747149
11344219513407446937
6559149732026193236
11527663131445720132
17680103640234110407
11538271287602225821
8521286858998767141
18401775516334339880
7331508389736687933
2625613764660945203
18327068708487424195
7153997280412010499
9459232939663406163
6102938516152724202
7829513186874540266
3328878861269591824
11941138893676157046
14075340833436241021
