0 6718979092676538026033357557014100798496593303495404462179732394355033762278 11760796295240812112273987829907997291295215727408158428138876267736878984824 0
0 4981108420324293842519172732065176727151650524459119273954177621717467612862 1
0 6947789325646589871412016239080385283884377213711483126707426057318992260606 8846319442337134329094308475169256841326361320283840355354026925612963827533 0
0 19338309049151850462777518825825511368289940150179507428292021961085875962061 21528950048364926692846424886282068089269960370267190453598435478838181583969 1
0 20410563743725774052506390021245042738788321049927337852189559828734659923755 1
0 16587311205496520413410832461897380028746749670353574071016673190304508899559 6866320408886409368387069903688525895901445658634172966491404641534206432384 0
0 7326975796475183526348778536641903715629669073756496020473362837278104814128 1725622206640974344602530265086064402361027645561367279925887470834797481752 0
0 18898971208698275261287586607182614322041367043510791090378387790113107434890 0
164
164
0
1
2
3
4
5
6
7
8
9
10
11
12
13
14
15
16
17
18
19
20
21
22
23
24
25
26
27
28
29
30
31
32
33
34
35
36
37
38
39
40
41
42
43
44
45
46
47
48
49
50
51
52
53
54
55
56
57
58
59
60
61
62
63
64
65
66
67
68
69
70
71
72
73
74
75
76
77
78
79
80
81
82
83
84
85
86
87
88
89
90
91
92
93
94
95
96
97
98
99
100
101
102
103
104
105
106
107
108
109
110
111
112
113
114
115
116
117
118
119
120
121
122
123
124
125
126
127
128
129
130
131
132
133
134
135
136
137
138
139
140
141
142
143
144
145
146
147
148
149
150
151
152
153
154
155
156
157
158
159
160
161
162
163
164
0 7485379670837268649283377174798690392780491587761235427655945278113864356869 0
0 12756497497684221666069421854116902290266935182790575209994526096243291907944 0
0 16861449491956262251285846100962687098789358078975611657920904864330607247881 0
0 8282866695110212007815861878600425108444967232643775868689458959337520724885 0
0 5456068430364475987900468541150130155124252636277218199511479301717602399119 0
0 16992821139101124808212308597559893924327922102812976459760853991236335675983 0
0 17392649905002342972934839445159805509067655939308871190350707401563718678034 0
0 14154731834889692300451817735116001190095675955498507852142329260205143673469 1
0 14003649267647308146345606011398499643766007546151638790574391765771944237752 1
0 16493071487492366344850819553608444776812465798520910006521965974029164582602 0
0 3700706170200866690580571438210081403006582403766476669437901625429321436794 1
0 6181350808651088860181390986492955626877589506496301800740271670204787220145 0
0 18914364474765821962370384247611463058214159732111574750940919107312165960948 1
0 4953938246225860055758480684151976979301557569730611011523797864894487515715 1
0 21399115076277455593639762818440869397665820683877083559740555189518208028095 0
0 20015504349552219420053608368407263271521927878150018565379666330688471066620 1
0 5145050445400690859485562356711504606072220516535482736009364092287524455917 1
0 305904287680521143169658307326377670605910887923844376572585298044958918894 0
0 10595473644255059610738188108646485167656668800622724161343242248635585545978 0
0 19532552069772382940134736202854323833640653943013576724805982055637029841561 0
0 20778217066420396806577020714832075682581684533423954331164212203336558185671 0
0 20629002014866858232936379147666664201323171862983365822047971921182754417184 1
0 158107653432314168992903997961945063164195806936533403513639578928350336947 1
0 5720899415118015289387328167949330004694475177087704152494972290955068144394 1
0 5766945801610027872519054767861521657669685744220348696583783169324719725097 0
0 6256498944735053088796670424787236871680021086209533503800940624336775728437 1
0 19259870691433558284872520869963518043925648884239513397463667208672962253884 0
0 20678381524300815886113081687372145906952888941527591163542227291715346807686 0
0 4517149219696365897780907628797238897656543082859216484356714231148913021897 1
0 14973040581898398344953041562622086040773260813245258126298335337108853204880 0
0 1029410061343166250328982562209560581528079982677589466453544416122393449246 0
0 17549461537435769088439024406985463925682648691870949828791055944200561178557 1
0 6231337313587155326847130489712104054338736552946138478302974756181744051113 1
0 7848234871309321399589675124175934510816939723776691299732857247344950187870 1
0 18780090784689795805700341434858584409005916867229942742534333971544950070169 0
0 3937348900694579335628216121687762581548347426313111560349995011816130091423 1
0 9462672746016989482361340849249708546881551200471800188833877801730070528931 0
0 5110989442096899711311869124824153590573571418753770188743398842957013118029 1
0 5785827711264758188169063522928253483333043828111864530470817137538203483033 1
0 20379360277755398677718271293458922183091194952266961838456751317010967098401 0
0 12437997476900567923312599686335848769375379962867032470169042501990833363457 1
0 2073101511128822316990793606953216539412547295771203446755544195182411050170 0
0 14212973844953133123508714009037598937005826996055350338433139076760949809143 0
0 12117627597392692156913787444962728647350200196191012058970226950436672459164 0
0 7461360772193753342940280646097328109594455296826238096484417100243043900750 1
0 16679466534523629882433795357019224344870243358903262085524565746964571025324 1
0 16894604724672656329002558080289416769185319646353306467660512907948632820132 1
0 849969707768629965077880703980075923527720556465311793630790245510569010612 0
0 21761533428175736311043426124103881982315539432396700174731111149859947832200 1
0 12272937422230562585912496705751546554386087770656340343378188174690664410765 1
0 18191347433254679547789707248163440048883243214293794916606676399095686513697 0
0 11960945639218209251581840972310928375175788395370172242961982279027572049799 1
0 1249561690896420211123911215634425114097406298918608472828499841224474419836 1
0 883386555983263132990693104264850614054905757985321089900001381933562528613 1
0 16101810390998430214637108179097929447495974807226155238149818123940577725820 1
0 17993452927556320652116576008670974208685483028010437101490618845587149155741 1
0 17417957800809928675847772471790425342566079458345136889152005574992868649896 0
0 10712068055739322524816228573318092675930861913740183514762978425438624517 1
0 5154147794625306053224564562546012385190175997731137660994193327366720626030 0
0 6926809447082046353708508076539677696965610222148331461654311414036806337224 0
0 10039935732949041488474992580670155490499441526749379275932891176916160313892 1
0 6941290003904885896650930262614291086052897195739644050346311913192585798851 1
0 11833000308122716481393365030164451700838146821766598228242186119187487302114 1
0 21127738410029541209845090234725801934857997320000518819444219282707618129406 0
0 10487565035113969014180420495737790590407229407828024258802867581568132170222 1
0 9571831800987583262768969046561975450236658608727570199909842492871521054907 1
0 10208097724365352612215835706204786299691586333171474531964718562406196460189 0
0 11898016605697045097281321553732013859110850817403279198794569060621185707598 1
0 2207156944176374050920589925472718305124213353635219460179320709837683108525 0
0 15495705579956737071411846403839936850039427756893527119000009291687500919167 0
0 13922341592172436144481468642902340118631639077841127675448996546019575586740 1
0 4069185529218946507993595128737173086566492204737698819038169469693560301614 1
0 2312410921963902408236917736796331260565983731149986686230590283420085175884 0
0 4482186240131809432537988570519112393991672800078043973795166936118018385166 1
0 2302409033353586702233439828254498438214298794819648699027162630473363701762 0
0 14793358097697005328036837786627249214939982522626684438214988981475945672508 1
0 5422586699522935924530192801466909426493289673446340747233184194015653921863 1
0 9801859009455387691843126605036116720890032120745849543382814270035357204873 0
0 18593736874532793531946633909706158898447533110849483413850126521130353126951 1
0 17338488002062778189612354842034066357574952297923234230919142461590738718195 0
0 15776705936141349479087017664135680834269307451133757256058670235569400826325 1
0 18047797075207353103226821210373432986435019581608601339112693540053988813508 0
0 11580879926043457539996049428606576252160559358406003692962083839707489166080 1
0 1461713447556767415191506717627243494625414722823061253592210655044670254823 1
0 11659125944441835115065247323602693207058913172106503707515078363679136505322 1
0 6066995000230832389590636075277679651503931703633361017950295121361466680299 1
0 16103457422522778003573664860843656850451686315144593708398434034200060121744 1
0 8276110165562399194887477654923212587007611752963289994320800726472431726201 0
0 7371578040788558379076726753727933470219522795481703257929324748066107172441 1
0 13317117997150617285839505235979390716956549536952301696225203592393169418572 0
0 7034121794181693895551633590828594066063215192661278157848465467366537842982 1
0 9839279789048244460398721879533228931620862345084950676002948348984272326420 1
0 11154027923406189262344652172966904273463930335585038606228438313329789791687 1
0 11257145532658935040954701675206302030238343285904458078530294254258909404165 1
0 15038560034249319244525417671372225500035131100089340537638508307375194481360 1
0 5073350946469179559905164888385179344982345567194456739497165157236537660267 1
0 8716134439921558027255720645220195578728898650474576767143925984609754729661 1
0 11914676662826799938804159311015513447460725814071162650109562671411602712639 0
0 11628785920886180645728934457325611624657258555714551851922766612049743299664 0
0 16922156389603908424441811291093268954205644973640318842667562494380903695139 0
0 18048580300933960810191297035118073123792121843477435895929524361173758261879 1
0 11220038755134611049068601063409751445273882944869179333397497816561922229305 1
0 20804938394084728911506839622663686410696666853059164155429314028610554657600 1
0 15422734449759061850344958823957942531628441227749639217068551389048391007074 1
0 13263591194546455125928741161420573253870609629736644040233737556201071144972 1
0 19818314037051940514269433135549843946503907389131498890647418317440564928498 1
0 12838975346661869014062966380464934306245062216079757874131550039207611328120 0
0 4861058205388766185316530228595857318592278239530937100398240132677790408537 1
0 21729578145749844181707095363206888858933372580301193248062868880090258507388 0
0 1994049466600884368179287324823758573382636894835631270489397285540272435775 1
0 15146431279081389711142245574030589218116911989405516943526309143448545632584 1
0 9771189569851265233766247168437406754563497372570530513481492277359745846482 1
0 21804727150713592916718059874629815817254461018042747984222782384689867778288 0
0 16361403162272964251260123109943345561160149567013358203228523272951906131311 1
0 11642714579980214453220323442817108722559019186577788923275949680059393852960 1
0 5299840301282083283553393844977025885325433285830133804517691981847928843999 1
0 17857970071576542396368223013026736849299688386897273381626593144555398038825 1
0 20449228315016607050401790821505391200115785291683581794308802255456075241641 1
0 5053469172478081810472049815953427895842365415891635604077894213685287018299 0
0 16037986862621678739299574219597131575028954938224978660578553105970252760173 1
0 13210616251091980311573914061635483452696603257566439931227353818748729323814 0
0 535512648885179012530460742231798508818714054964566482950305633473810222744 1
0 8753413650159337862620459282934565983515654445144013390899668714997231472616 1
0 3604534570226664022007312404447429950115706474863275420006625359577890993302 1
0 19560901597738056694646340253264347643509439520670908491385123903575427868931 0
0 20389385587403674617339362870586403574113924529956316964924055761239123298261 0
0 1454860990978165597875527545149987384768514499768250387646830955493003141804 0
0 14124917060017869351271888827137169731905000351744607786383306977521902728972 1
0 7533581717075256438956785133879826831821115907047728219631528292568933630992 1
0 15572593215242313436177082486951638740407079205531722670024055100302135482173 0
0 17854243367443448159420713697580176859764199701562689088423883346895108418936 1
0 1038012011481360029927385197485960275725094834237930263019513097756529502920 1
0 7629089628344104691963515447626028423533055891404168185741171040606581147802 0
0 8828990153620936480537488567181000065618959297482935990511035431575414036894 0
0 15747438529846460249235643673269969935302686870717255360016223509541757535633 1
0 13124943597578188693351493653698556375491376550552878681418035794220326185493 1
0 6866358988744948805401135878730788205978218779544234284216679463155207867262 0
0 3097492250609688961474294698336583853768319918644588830297290039426449749744 1
0 11177198571903772205805909778134026323238321448164214474873296432282420463696 1
0 15853688232569862409627366641079558062825790160119403961015906209796696920039 1
0 16898484139770577050212554932283101938392628319488992522721165157104880117218 1
0 16201665425021792157287123708691371195631387142437894992908004219337943653631 1
0 18772408630018099645547746501752525042819488629537708346222110234497189993407 0
0 19883868139428830624066659362071501236590315894163484002852998388793733038644 1
0 21415048946567088972589474957400966267287941315303257852601763014402043314781 0
0 21584614339369846949675517484102643609644689646130662909974187293809627139989 1
0 16624964763982303631131855196602617306777850848089372553089155377989097663019 1
0 13033597627291891017179730298167054916579080509197354775871651661222718797402 0
0 5631004288136714003931260992875206654121287429851970373628240918713490227664 0
0 9376689753907011958456901456890126547873487608669031831996455959882379281357 1
0 656012770198438173670183287522310552592974264158086637002122968591502107637 0
0 11489008237411835597902175708044636792582226044174500461917252036669327523493 1
0 6476395611908745666079206478244068318711274620265370375738289039687020093256 1
0 10508918114245714855558138354680724159786587343134398483665346004892958637106 0
0 2123505587347071880293647767185006647133615498444261188673158992577129538034 1
0 6358396023194031762273465956377314668989014103529013672034198917800065436156 1
0 18018062225174886543494108266172717256388035312687832531493075203078178048457 1
0 527404796250544124963176134696327274737945721782034229938631999383904090442 1
0 5039411542280880328737950260252517427235771354477618889291939627711189108698 0
0 19366836419174484008976879211056096889376055609532268509907787849002845266079 0
0 10814121786669513235906089922081327539301874161946656111134801296404280332528 0
0 17661154085828072690572930406484529524724459413393981007671353212214801387091 0
0 18194493012673997577169660373363101341425853591033368046406804912754094932907 1
0 229138049392023549268420799394972138578584065785940964770596910035824108841 1


